Delta1 <-
structure(c(15.484642536643507, 0, 0, 0, 0, 0, 0, 0, 0, 0, 0, 
0, 14.021649123375928, 0, 0, 0, 0, 0, 0, 0, 0, 0, 0, 0, 11.84182723996301, 
0, 0, 0, 0, 0, 0, 0, 0, 0, 0, 0, 9.2731009272673148, 0, 0, 0, 
0, 0, 0, 0, 0, 0, 0, 0, 6.670505980423366, 0, 0, 0, 0, 0, 0, 
0, 0, 0, 0, 0, 4.3443048427560038, 0, 0, 0, 0, 0, 0, 0, 0, 0, 
0, 0, 2.5038157662315079, 0, 0, 0, 0, 0, 0, 0, 0, 0, 0, 0, 1.2299653627444824, 
0, 0, 0, 0, 0, 0, 0, 0, 0, 0, 0, 0.48157961801440829, 0, 0, 0, 
0, 0, 0, 0, 0, 0, 0, 0, 0.13097974385627026, 0, 0, 0, 0, 0, 0, 
0, 0, 0, 0, 0, 0.01762885872418531), dim = c(11L, 11L))
